(kicad_pcb (version 20171130) (host pcbnew 5.1.4)

  (general
    (thickness 1.6)
    (drawings 44)
    (tracks 3599)
    (zones 0)
    (modules 260)
    (nets 43)
  )

  (page A4)
  (title_block
    (title led_pixel_stm32f030)
    (date 2017-06-18)
    (rev 1.1)
    (company shimatta)
  )

  (layers
    (0 F.Cu signal)
    (31 B.Cu signal)
    (32 B.Adhes user)
    (33 F.Adhes user)
    (34 B.Paste user)
    (35 F.Paste user)
    (36 B.SilkS user)
    (37 F.SilkS user)
    (38 B.Mask user)
    (39 F.Mask user)
    (40 Dwgs.User user)
    (41 Cmts.User user)
    (42 Eco1.User user)
    (43 Eco2.User user)
    (44 Edge.Cuts user)
    (45 Margin user)
    (46 B.CrtYd user)
    (47 F.CrtYd user)
    (48 B.Fab user)
    (49 F.Fab user)
  )

  (setup
    (last_trace_width 0.25)
    (user_trace_width 0.3)
    (user_trace_width 0.5)
    (user_trace_width 0.7)
    (user_trace_width 1)
    (user_trace_width 1.2)
    (user_trace_width 1.5)
    (trace_clearance 0.2)
    (zone_clearance 0.508)
    (zone_45_only no)
    (trace_min 0.2)
    (via_size 0.8)
    (via_drill 0.4)
    (via_min_size 0.4)
    (via_min_drill 0.3)
    (user_via 1 0.5)
    (uvia_size 0.3)
    (uvia_drill 0.1)
    (uvias_allowed no)
    (uvia_min_size 0.2)
    (uvia_min_drill 0.1)
    (edge_width 0.15)
    (segment_width 0.2)
    (pcb_text_width 0.3)
    (pcb_text_size 1.5 1.5)
    (mod_edge_width 0.15)
    (mod_text_size 1 1)
    (mod_text_width 0.15)
    (pad_size 1.7 1.7)
    (pad_drill 1)
    (pad_to_mask_clearance 0.2)
    (aux_axis_origin 0 0)
    (visible_elements 7FFFFFFF)
    (pcbplotparams
      (layerselection 0x010fc_ffffffff)
      (usegerberextensions true)
      (usegerberattributes false)
      (usegerberadvancedattributes false)
      (creategerberjobfile false)
      (excludeedgelayer true)
      (linewidth 0.100000)
      (plotframeref false)
      (viasonmask false)
      (mode 1)
      (useauxorigin false)
      (hpglpennumber 1)
      (hpglpenspeed 20)
      (hpglpendiameter 15.000000)
      (psnegative false)
      (psa4output false)
      (plotreference true)
      (plotvalue true)
      (plotinvisibletext false)
      (padsonsilk false)
      (subtractmaskfromsilk false)
      (outputformat 4)
      (mirror false)
      (drillshape 0)
      (scaleselection 1)
      (outputdirectory "x4/doc/"))
  )

  (net 0 "")
  (net 1 +3V3)
  (net 2 GND)
  (net 3 "Net-(C3-Pad1)")
  (net 4 "Net-(C4-Pad1)")
  (net 5 +5V)
  (net 6 VCC)
  (net 7 /RS485_RX)
  (net 8 /SWDIO)
  (net 9 /#RESET)
  (net 10 /RS485_TX)
  (net 11 /TESTMODE)
  (net 12 /SWCLK)
  (net 13 "Net-(D1-Pad2)")
  (net 14 "Net-(D2-Pad2)")
  (net 15 "Net-(D3-Pad2)")
  (net 16 "Net-(D4-Pad2)")
  (net 17 /rgbw_led_driver/LED_G_A)
  (net 18 /rgbw_led_driver/LED_R_A)
  (net 19 /rgbw_led_driver/LED_B_A)
  (net 20 /rgbw_led_driver/LED_B_K)
  (net 21 /rgbw_led_driver/LED_R_K)
  (net 22 /rgbw_led_driver/LED_G_K)
  (net 23 /rgbw_led_driver/LED_W_A)
  (net 24 /rgbw_led_driver/LED_W_K)
  (net 25 /SPI_CLK)
  (net 26 /RESET_IN)
  (net 27 /SPI_MOSI)
  (net 28 /backplane/DAISY_R_TO_L)
  (net 29 /SPI_MISO)
  (net 30 "Net-(Q1-Pad1)")
  (net 31 "Net-(R1-Pad2)")
  (net 32 /PWM_LED_R)
  (net 33 /PWM_LED_G)
  (net 34 /PWM_LED_B)
  (net 35 /PWM_LED_W)
  (net 36 /RS485_DE)
  (net 37 /RS485_N)
  (net 38 /RS485_P)
  (net 39 "Net-(R2-Pad2)")
  (net 40 "Net-(R6-Pad1)")
  (net 41 "Net-(R7-Pad2)")
  (net 42 "Net-(R9-Pad2)")

  (net_class Default "Dies ist die voreingestellte Netzklasse."
    (clearance 0.2)
    (trace_width 0.25)
    (via_dia 0.8)
    (via_drill 0.4)
    (uvia_dia 0.3)
    (uvia_drill 0.1)
    (add_net +3V3)
    (add_net +5V)
    (add_net /#RESET)
    (add_net /PWM_LED_B)
    (add_net /PWM_LED_G)
    (add_net /PWM_LED_R)
    (add_net /PWM_LED_W)
    (add_net /RESET_IN)
    (add_net /RS485_DE)
    (add_net /RS485_N)
    (add_net /RS485_P)
    (add_net /RS485_RX)
    (add_net /RS485_TX)
    (add_net /SPI_CLK)
    (add_net /SPI_MISO)
    (add_net /SPI_MOSI)
    (add_net /SWCLK)
    (add_net /SWDIO)
    (add_net /TESTMODE)
    (add_net /backplane/DAISY_R_TO_L)
    (add_net /rgbw_led_driver/LED_B_A)
    (add_net /rgbw_led_driver/LED_B_K)
    (add_net /rgbw_led_driver/LED_G_A)
    (add_net /rgbw_led_driver/LED_G_K)
    (add_net /rgbw_led_driver/LED_R_A)
    (add_net /rgbw_led_driver/LED_R_K)
    (add_net /rgbw_led_driver/LED_W_A)
    (add_net /rgbw_led_driver/LED_W_K)
    (add_net GND)
    (add_net "Net-(C3-Pad1)")
    (add_net "Net-(C4-Pad1)")
    (add_net "Net-(D1-Pad2)")
    (add_net "Net-(D2-Pad2)")
    (add_net "Net-(D3-Pad2)")
    (add_net "Net-(D4-Pad2)")
    (add_net "Net-(Q1-Pad1)")
    (add_net "Net-(R1-Pad2)")
    (add_net "Net-(R2-Pad2)")
    (add_net "Net-(R6-Pad1)")
    (add_net "Net-(R7-Pad2)")
    (add_net "Net-(R9-Pad2)")
    (add_net VCC)
  )

  (module Capacitors_SMD:C_1210 (layer F.Cu) (tedit 58AA84E2) (tstamp 5D65AFBE)
    (at 134.572 107.648 90)
    (descr "Capacitor SMD 1210, reflow soldering, AVX (see smccp.pdf)")
    (tags "capacitor 1210")
    (path /58FD6443/5907859B)
    (attr smd)
    (fp_text reference C19 (at 0 0 180) (layer F.SilkS)
      (effects (font (size 1 1) (thickness 0.15)))
    )
    (fp_text value "10u 50V" (at 0 2.5 90) (layer F.Fab)
      (effects (font (size 1 1) (thickness 0.15)))
    )
    (fp_line (start 2.25 1.5) (end -2.25 1.5) (layer F.CrtYd) (width 0.05))
    (fp_line (start 2.25 1.5) (end 2.25 -1.5) (layer F.CrtYd) (width 0.05))
    (fp_line (start -2.25 -1.5) (end -2.25 1.5) (layer F.CrtYd) (width 0.05))
    (fp_line (start -2.25 -1.5) (end 2.25 -1.5) (layer F.CrtYd) (width 0.05))
    (fp_line (start -1 1.48) (end 1 1.48) (layer F.SilkS) (width 0.12))
    (fp_line (start 1 -1.48) (end -1 -1.48) (layer F.SilkS) (width 0.12))
    (fp_line (start -1.6 -1.25) (end 1.6 -1.25) (layer F.Fab) (width 0.1))
    (fp_line (start 1.6 -1.25) (end 1.6 1.25) (layer F.Fab) (width 0.1))
    (fp_line (start 1.6 1.25) (end -1.6 1.25) (layer F.Fab) (width 0.1))
    (fp_line (start -1.6 1.25) (end -1.6 -1.25) (layer F.Fab) (width 0.1))
    (fp_text user %R (at 0 -2.25 90) (layer F.Fab)
      (effects (font (size 1 1) (thickness 0.15)))
    )
    (pad 2 smd rect (at 1.5 0 90) (size 1 2.5) (layers F.Cu F.Paste F.Mask)
      (net 2 GND))
    (pad 1 smd rect (at -1.5 0 90) (size 1 2.5) (layers F.Cu F.Paste F.Mask)
      (net 6 VCC))
    (model Capacitors_SMD.3dshapes/C_1210.wrl
      (at (xyz 0 0 0))
      (scale (xyz 1 1 1))
      (rotate (xyz 0 0 0))
    )
  )

  (module Capacitors_SMD:C_1210 (layer F.Cu) (tedit 58AA84E2) (tstamp 5D65AFAE)
    (at 125.428 107.648 90)
    (descr "Capacitor SMD 1210, reflow soldering, AVX (see smccp.pdf)")
    (tags "capacitor 1210")
    (path /58FD6443/5907854C)
    (attr smd)
    (fp_text reference C18 (at 0 0 180) (layer F.SilkS)
      (effects (font (size 1 1) (thickness 0.15)))
    )
    (fp_text value "10u 50V" (at 0 2.5 90) (layer F.Fab)
      (effects (font (size 1 1) (thickness 0.15)))
    )
    (fp_text user %R (at 0 -2.25 90) (layer F.Fab)
      (effects (font (size 1 1) (thickness 0.15)))
    )
    (fp_line (start -1.6 1.25) (end -1.6 -1.25) (layer F.Fab) (width 0.1))
    (fp_line (start 1.6 1.25) (end -1.6 1.25) (layer F.Fab) (width 0.1))
    (fp_line (start 1.6 -1.25) (end 1.6 1.25) (layer F.Fab) (width 0.1))
    (fp_line (start -1.6 -1.25) (end 1.6 -1.25) (layer F.Fab) (width 0.1))
    (fp_line (start 1 -1.48) (end -1 -1.48) (layer F.SilkS) (width 0.12))
    (fp_line (start -1 1.48) (end 1 1.48) (layer F.SilkS) (width 0.12))
    (fp_line (start -2.25 -1.5) (end 2.25 -1.5) (layer F.CrtYd) (width 0.05))
    (fp_line (start -2.25 -1.5) (end -2.25 1.5) (layer F.CrtYd) (width 0.05))
    (fp_line (start 2.25 1.5) (end 2.25 -1.5) (layer F.CrtYd) (width 0.05))
    (fp_line (start 2.25 1.5) (end -2.25 1.5) (layer F.CrtYd) (width 0.05))
    (pad 1 smd rect (at -1.5 0 90) (size 1 2.5) (layers F.Cu F.Paste F.Mask)
      (net 6 VCC))
    (pad 2 smd rect (at 1.5 0 90) (size 1 2.5) (layers F.Cu F.Paste F.Mask)
      (net 2 GND))
    (model Capacitors_SMD.3dshapes/C_1210.wrl
      (at (xyz 0 0 0))
      (scale (xyz 1 1 1))
      (rotate (xyz 0 0 0))
    )
  )

  (module Capacitors_SMD:C_1210 (layer F.Cu) (tedit 58AA84E2) (tstamp 5D65AF9E)
    (at 120.856 107.648 90)
    (descr "Capacitor SMD 1210, reflow soldering, AVX (see smccp.pdf)")
    (tags "capacitor 1210")
    (path /58FD6443/590784F0)
    (attr smd)
    (fp_text reference C17 (at 0 0 180) (layer F.SilkS)
      (effects (font (size 1 1) (thickness 0.15)))
    )
    (fp_text value "10u 50V" (at 0 2.5 90) (layer F.Fab)
      (effects (font (size 1 1) (thickness 0.15)))
    )
    (fp_text user %R (at 0 -2.25 90) (layer F.Fab)
      (effects (font (size 1 1) (thickness 0.15)))
    )
    (fp_line (start -1.6 1.25) (end -1.6 -1.25) (layer F.Fab) (width 0.1))
    (fp_line (start 1.6 1.25) (end -1.6 1.25) (layer F.Fab) (width 0.1))
    (fp_line (start 1.6 -1.25) (end 1.6 1.25) (layer F.Fab) (width 0.1))
    (fp_line (start -1.6 -1.25) (end 1.6 -1.25) (layer F.Fab) (width 0.1))
    (fp_line (start 1 -1.48) (end -1 -1.48) (layer F.SilkS) (width 0.12))
    (fp_line (start -1 1.48) (end 1 1.48) (layer F.SilkS) (width 0.12))
    (fp_line (start -2.25 -1.5) (end 2.25 -1.5) (layer F.CrtYd) (width 0.05))
    (fp_line (start -2.25 -1.5) (end -2.25 1.5) (layer F.CrtYd) (width 0.05))
    (fp_line (start 2.25 1.5) (end 2.25 -1.5) (layer F.CrtYd) (width 0.05))
    (fp_line (start 2.25 1.5) (end -2.25 1.5) (layer F.CrtYd) (width 0.05))
    (pad 1 smd rect (at -1.5 0 90) (size 1 2.5) (layers F.Cu F.Paste F.Mask)
      (net 6 VCC))
    (pad 2 smd rect (at 1.5 0 90) (size 1 2.5) (layers F.Cu F.Paste F.Mask)
      (net 2 GND))
    (model Capacitors_SMD.3dshapes/C_1210.wrl
      (at (xyz 0 0 0))
      (scale (xyz 1 1 1))
      (rotate (xyz 0 0 0))
    )
  )

  (module Capacitors_SMD:C_1210 (layer F.Cu) (tedit 58AA84E2) (tstamp 5D65AF8E)
    (at 116.284 107.648 90)
    (descr "Capacitor SMD 1210, reflow soldering, AVX (see smccp.pdf)")
    (tags "capacitor 1210")
    (path /58FD6443/59077246)
    (attr smd)
    (fp_text reference C16 (at 0 0 180) (layer F.SilkS)
      (effects (font (size 1 1) (thickness 0.15)))
    )
    (fp_text value "10u 50V" (at 0 2.5 90) (layer F.Fab)
      (effects (font (size 1 1) (thickness 0.15)))
    )
    (fp_text user %R (at 0 -2.25 90) (layer F.Fab)
      (effects (font (size 1 1) (thickness 0.15)))
    )
    (fp_line (start -1.6 1.25) (end -1.6 -1.25) (layer F.Fab) (width 0.1))
    (fp_line (start 1.6 1.25) (end -1.6 1.25) (layer F.Fab) (width 0.1))
    (fp_line (start 1.6 -1.25) (end 1.6 1.25) (layer F.Fab) (width 0.1))
    (fp_line (start -1.6 -1.25) (end 1.6 -1.25) (layer F.Fab) (width 0.1))
    (fp_line (start 1 -1.48) (end -1 -1.48) (layer F.SilkS) (width 0.12))
    (fp_line (start -1 1.48) (end 1 1.48) (layer F.SilkS) (width 0.12))
    (fp_line (start -2.25 -1.5) (end 2.25 -1.5) (layer F.CrtYd) (width 0.05))
    (fp_line (start -2.25 -1.5) (end -2.25 1.5) (layer F.CrtYd) (width 0.05))
    (fp_line (start 2.25 1.5) (end 2.25 -1.5) (layer F.CrtYd) (width 0.05))
    (fp_line (start 2.25 1.5) (end -2.25 1.5) (layer F.CrtYd) (width 0.05))
    (pad 1 smd rect (at -1.5 0 90) (size 1 2.5) (layers F.Cu F.Paste F.Mask)
      (net 6 VCC))
    (pad 2 smd rect (at 1.5 0 90) (size 1 2.5) (layers F.Cu F.Paste F.Mask)
      (net 2 GND))
    (model Capacitors_SMD.3dshapes/C_1210.wrl
      (at (xyz 0 0 0))
      (scale (xyz 1 1 1))
      (rotate (xyz 0 0 0))
    )
  )

  (module Capacitors_SMD:C_1210 (layer F.Cu) (tedit 591321FF) (tstamp 5D65AF7E)
    (at 111.712 107.648 90)
    (descr "Capacitor SMD 1210, reflow soldering, AVX (see smccp.pdf)")
    (tags "capacitor 1210")
    (path /58FD6443/59078461)
    (attr smd)
    (fp_text reference C15 (at 0 0 180) (layer F.SilkS)
      (effects (font (size 1 1) (thickness 0.15)))
    )
    (fp_text value "10u 50V" (at 0 2.5 90) (layer F.Fab)
      (effects (font (size 1 1) (thickness 0.15)))
    )
    (fp_text user %R (at 0 -2.25 90) (layer F.Fab)
      (effects (font (size 1 1) (thickness 0.15)))
    )
    (fp_line (start -1.6 1.25) (end -1.6 -1.25) (layer F.Fab) (width 0.1))
    (fp_line (start 1.6 1.25) (end -1.6 1.25) (layer F.Fab) (width 0.1))
    (fp_line (start 1.6 -1.25) (end 1.6 1.25) (layer F.Fab) (width 0.1))
    (fp_line (start -1.6 -1.25) (end 1.6 -1.25) (layer F.Fab) (width 0.1))
    (fp_line (start 1 -1.48) (end -1 -1.48) (layer F.SilkS) (width 0.12))
    (fp_line (start -1 1.48) (end 1 1.48) (layer F.SilkS) (width 0.12))
    (fp_line (start -2.25 -1.5) (end 2.25 -1.5) (layer F.CrtYd) (width 0.05))
    (fp_line (start -2.25 -1.5) (end -2.25 1.5) (layer F.CrtYd) (width 0.05))
    (fp_line (start 2.25 1.5) (end 2.25 -1.5) (layer F.CrtYd) (width 0.05))
    (fp_line (start 2.25 1.5) (end -2.25 1.5) (layer F.CrtYd) (width 0.05))
    (pad 1 smd rect (at -1.5 0 90) (size 1 2.5) (layers F.Cu F.Paste F.Mask)
      (net 6 VCC))
    (pad 2 smd rect (at 1.5 0 90) (size 1 2.5) (layers F.Cu F.Paste F.Mask)
      (net 2 GND))
    (model Capacitors_SMD.3dshapes/C_1210.wrl
      (at (xyz 0 0 0))
      (scale (xyz 1 1 1))
      (rotate (xyz 0 0 0))
    )
  )

  (module Capacitors_SMD:C_1210 (layer F.Cu) (tedit 591321FD) (tstamp 5D65AF6D)
    (at 107.14 107.648 90)
    (descr "Capacitor SMD 1210, reflow soldering, AVX (see smccp.pdf)")
    (tags "capacitor 1210")
    (path /58FD6443/590784A5)
    (attr smd)
    (fp_text reference C14 (at 0 0 180) (layer F.SilkS)
      (effects (font (size 1 1) (thickness 0.15)))
    )
    (fp_text value "10u 50V" (at 0 2.5 90) (layer F.Fab)
      (effects (font (size 1 1) (thickness 0.15)))
    )
    (fp_line (start 2.25 1.5) (end -2.25 1.5) (layer F.CrtYd) (width 0.05))
    (fp_line (start 2.25 1.5) (end 2.25 -1.5) (layer F.CrtYd) (width 0.05))
    (fp_line (start -2.25 -1.5) (end -2.25 1.5) (layer F.CrtYd) (width 0.05))
    (fp_line (start -2.25 -1.5) (end 2.25 -1.5) (layer F.CrtYd) (width 0.05))
    (fp_line (start -1 1.48) (end 1 1.48) (layer F.SilkS) (width 0.12))
    (fp_line (start 1 -1.48) (end -1 -1.48) (layer F.SilkS) (width 0.12))
    (fp_line (start -1.6 -1.25) (end 1.6 -1.25) (layer F.Fab) (width 0.1))
    (fp_line (start 1.6 -1.25) (end 1.6 1.25) (layer F.Fab) (width 0.1))
    (fp_line (start 1.6 1.25) (end -1.6 1.25) (layer F.Fab) (width 0.1))
    (fp_line (start -1.6 1.25) (end -1.6 -1.25) (layer F.Fab) (width 0.1))
    (fp_text user %R (at 0 -2.25 90) (layer F.Fab)
      (effects (font (size 1 1) (thickness 0.15)))
    )
    (pad 2 smd rect (at 1.5 0 90) (size 1 2.5) (layers F.Cu F.Paste F.Mask)
      (net 2 GND))
    (pad 1 smd rect (at -1.5 0 90) (size 1 2.5) (layers F.Cu F.Paste F.Mask)
      (net 6 VCC))
    (model Capacitors_SMD.3dshapes/C_1210.wrl
      (at (xyz 0 0 0))
      (scale (xyz 1 1 1))
      (rotate (xyz 0 0 0))
    )
  )

  (module proz_led:LED_SMD_RGBW_4W_ISOLATED (layer F.Cu) (tedit 5946DA15) (tstamp 5D65AF0D)
    (at 130 130)
    (path /58FD6443/58FD65B2)
    (fp_text reference D5 (at 0.6 1.6) (layer F.SilkS)
      (effects (font (size 1 1) (thickness 0.15)))
    )
    (fp_text value LED_RGBW (at 0 -4.8) (layer F.Fab)
      (effects (font (size 1 1) (thickness 0.15)))
    )
    (fp_circle (center 0 0) (end 4 0) (layer F.SilkS) (width 0.15))
    (pad 8 smd rect (at -6.5 -2.7) (size 3 1) (layers F.Cu F.Paste F.Mask))
    (pad 6 smd rect (at -6.5 0.9) (size 3 1) (layers F.Cu F.Paste F.Mask))
    (pad 5 smd rect (at -6.5 2.7) (size 3 1) (layers F.Cu F.Paste F.Mask))
    (pad 4 smd rect (at 6.5 2.7) (size 3 1) (layers F.Cu F.Paste F.Mask))
    (pad 3 smd rect (at 6.5 0.9) (size 3 1) (layers F.Cu F.Paste F.Mask))
    (pad 1 smd rect (at 6.5 -2.7) (size 3 1) (layers F.Cu F.Paste F.Mask))
    (pad "" smd trapezoid (at 0 0) (size 9 7) (layers F.Cu F.Mask))
    (pad 7 smd rect (at -6.5 -0.9) (size 3 1) (layers F.Cu F.Paste F.Mask))
    (pad 2 smd rect (at 6.5 -0.9) (size 3 1) (layers F.Cu F.Paste F.Mask))
    (pad "" smd circle (at 0 0) (size 15 15) (layers B.Cu B.Mask))
    (pad "" thru_hole circle (at 0 0) (size 0.5 0.5) (drill 0.5) (layers *.Cu))
    (pad "" thru_hole circle (at 0 -1) (size 0.5 0.5) (drill 0.5) (layers *.Cu))
    (pad "" thru_hole circle (at 0 -2) (size 0.5 0.5) (drill 0.5) (layers *.Cu))
    (pad "" thru_hole circle (at 0 -3) (size 0.5 0.5) (drill 0.5) (layers *.Cu))
    (pad "" thru_hole circle (at 0 -4) (size 0.5 0.5) (drill 0.5) (layers *.Cu))
    (pad "" thru_hole circle (at 0 -5) (size 0.5 0.5) (drill 0.5) (layers *.Cu))
    (pad "" thru_hole circle (at 0 1) (size 0.5 0.5) (drill 0.5) (layers *.Cu))
    (pad "" thru_hole circle (at 0 2) (size 0.5 0.5) (drill 0.5) (layers *.Cu))
    (pad "" thru_hole circle (at 0 3) (size 0.5 0.5) (drill 0.5) (layers *.Cu))
    (pad "" thru_hole circle (at 0 4) (size 0.5 0.5) (drill 0.5) (layers *.Cu))
    (pad "" thru_hole circle (at 0 5) (size 0.5 0.5) (drill 0.5) (layers *.Cu))
    (pad "" thru_hole circle (at 1 4.5) (size 0.5 0.5) (drill 0.5) (layers *.Cu))
    (pad "" thru_hole circle (at 2 4) (size 0.5 0.5) (drill 0.5) (layers *.Cu))
    (pad "" thru_hole circle (at 3 3.5) (size 0.5 0.5) (drill 0.5) (layers *.Cu))
    (pad "" thru_hole circle (at 4 3) (size 0.5 0.5) (drill 0.5) (layers *.Cu))
    (pad "" thru_hole circle (at 4 2) (size 0.5 0.5) (drill 0.5) (layers *.Cu))
    (pad "" thru_hole circle (at 4 1) (size 0.5 0.5) (drill 0.5) (layers *.Cu))
    (pad "" thru_hole circle (at 4 0) (size 0.5 0.5) (drill 0.5) (layers *.Cu))
    (pad "" thru_hole circle (at 4 -1) (size 0.5 0.5) (drill 0.5) (layers *.Cu))
    (pad "" thru_hole circle (at 4 -2) (size 0.5 0.5) (drill 0.5) (layers *.Cu))
    (pad "" thru_hole circle (at 4 -3) (size 0.5 0.5) (drill 0.5) (layers *.Cu))
    (pad "" thru_hole circle (at 3 -3.5) (size 0.5 0.5) (drill 0.5) (layers *.Cu))
    (pad "" thru_hole circle (at 2 -4) (size 0.5 0.5) (drill 0.5) (layers *.Cu))
    (pad "" thru_hole circle (at 1 -4.5) (size 0.5 0.5) (drill 0.5) (layers *.Cu))
    (pad "" thru_hole circle (at 1 -3.5) (size 0.5 0.5) (drill 0.5) (layers *.Cu))
    (pad "" thru_hole circle (at 1 -2.5) (size 0.5 0.5) (drill 0.5) (layers *.Cu))
    (pad "" thru_hole circle (at 1 -1.5) (size 0.5 0.5) (drill 0.5) (layers *.Cu))
    (pad "" thru_hole circle (at 1 -0.5) (size 0.5 0.5) (drill 0.5) (layers *.Cu))
    (pad "" thru_hole circle (at 1 0.5) (size 0.5 0.5) (drill 0.5) (layers *.Cu))
    (pad "" thru_hole circle (at 1 1.5) (size 0.5 0.5) (drill 0.5) (layers *.Cu))
    (pad "" thru_hole circle (at 1 2.5) (size 0.5 0.5) (drill 0.5) (layers *.Cu))
    (pad "" thru_hole circle (at 1 3.5) (size 0.5 0.5) (drill 0.5) (layers *.Cu))
    (pad "" thru_hole circle (at 2 3) (size 0.5 0.5) (drill 0.5) (layers *.Cu))
    (pad "" thru_hole circle (at 2 2) (size 0.5 0.5) (drill 0.5) (layers *.Cu))
    (pad "" thru_hole circle (at 2 1) (size 0.5 0.5) (drill 0.5) (layers *.Cu))
    (pad "" thru_hole circle (at 2 0) (size 0.5 0.5) (drill 0.5) (layers *.Cu))
    (pad "" thru_hole circle (at 2 -1) (size 0.5 0.5) (drill 0.5) (layers *.Cu))
    (pad "" thru_hole circle (at 2 -2) (size 0.5 0.5) (drill 0.5) (layers *.Cu))
    (pad "" thru_hole circle (at 2 -3) (size 0.5 0.5) (drill 0.5) (layers *.Cu))
    (pad "" thru_hole circle (at 3 -2.5) (size 0.5 0.5) (drill 0.5) (layers *.Cu))
    (pad "" thru_hole circle (at 3 -1.5) (size 0.5 0.5) (drill 0.5) (layers *.Cu))
    (pad "" thru_hole circle (at 3 -0.5) (size 0.5 0.5) (drill 0.5) (layers *.Cu))
    (pad "" thru_hole circle (at 3 0.5) (size 0.5 0.5) (drill 0.5) (layers *.Cu))
    (pad "" thru_hole circle (at 3 1.5) (size 0.5 0.5) (drill 0.5) (layers *.Cu))
    (pad "" thru_hole circle (at 3 2.5) (size 0.5 0.5) (drill 0.5) (layers *.Cu))
    (pad "" thru_hole circle (at -1 4.5) (size 0.5 0.5) (drill 0.5) (layers *.Cu))
    (pad "" thru_hole circle (at -1 3.5) (size 0.5 0.5) (drill 0.5) (layers *.Cu))
    (pad "" thru_hole circle (at -1 2.5) (size 0.5 0.5) (drill 0.5) (layers *.Cu))
    (pad "" thru_hole circle (at -1 1.5) (size 0.5 0.5) (drill 0.5) (layers *.Cu))
    (pad "" thru_hole circle (at -1 0.5) (size 0.5 0.5) (drill 0.5) (layers *.Cu))
    (pad "" thru_hole circle (at -1 -0.5) (size 0.5 0.5) (drill 0.5) (layers *.Cu))
    (pad "" thru_hole circle (at -1 -1.5) (size 0.5 0.5) (drill 0.5) (layers *.Cu))
    (pad "" thru_hole circle (at -1 -2.5) (size 0.5 0.5) (drill 0.5) (layers *.Cu))
    (pad "" thru_hole circle (at -1 -3.5) (size 0.5 0.5) (drill 0.5) (layers *.Cu))
    (pad "" thru_hole circle (at -1 -4.5) (size 0.5 0.5) (drill 0.5) (layers *.Cu))
    (pad "" thru_hole circle (at -2 -4) (size 0.5 0.5) (drill 0.5) (layers *.Cu))
    (pad "" thru_hole circle (at -2 -3) (size 0.5 0.5) (drill 0.5) (layers *.Cu))
    (pad "" thru_hole circle (at -2 -2) (size 0.5 0.5) (drill 0.5) (layers *.Cu))
    (pad "" thru_hole circle (at -2 -1) (size 0.5 0.5) (drill 0.5) (layers *.Cu))
    (pad "" thru_hole circle (at -2 0) (size 0.5 0.5) (drill 0.5) (layers *.Cu))
    (pad "" thru_hole circle (at -2 1) (size 0.5 0.5) (drill 0.5) (layers *.Cu))
    (pad "" thru_hole circle (at -2 2) (size 0.5 0.5) (drill 0.5) (layers *.Cu))
    (pad "" thru_hole circle (at -2 3) (size 0.5 0.5) (drill 0.5) (layers *.Cu))
    (pad "" thru_hole circle (at -2 4) (size 0.5 0.5) (drill 0.5) (layers *.Cu))
    (pad "" thru_hole circle (at -3 3.5) (size 0.5 0.5) (drill 0.5) (layers *.Cu))
    (pad "" thru_hole circle (at -3 2.5) (size 0.5 0.5) (drill 0.5) (layers *.Cu))
    (pad "" thru_hole circle (at -3 1.5) (size 0.5 0.5) (drill 0.5) (layers *.Cu))
    (pad "" thru_hole circle (at -3 0.5) (size 0.5 0.5) (drill 0.5) (layers *.Cu))
    (pad "" thru_hole circle (at -3 -0.5) (size 0.5 0.5) (drill 0.5) (layers *.Cu))
    (pad "" thru_hole circle (at -3 -1.5) (size 0.5 0.5) (drill 0.5) (layers *.Cu))
    (pad "" thru_hole circle (at -3 -2.5) (size 0.5 0.5) (drill 0.5) (layers *.Cu))
    (pad "" thru_hole circle (at -3 -3.5) (size 0.5 0.5) (drill 0.5) (layers *.Cu))
    (pad "" thru_hole circle (at -4 -3) (size 0.5 0.5) (drill 0.5) (layers *.Cu))
    (pad "" thru_hole circle (at -4 -2) (size 0.5 0.5) (drill 0.5) (layers *.Cu))
    (pad "" thru_hole circle (at -4 -1) (size 0.5 0.5) (drill 0.5) (layers *.Cu))
    (pad "" thru_hole circle (at -4 0) (size 0.5 0.5) (drill 0.5) (layers *.Cu))
    (pad "" thru_hole circle (at -4 1) (size 0.5 0.5) (drill 0.5) (layers *.Cu))
    (pad "" thru_hole circle (at -4 2) (size 0.5 0.5) (drill 0.5) (layers *.Cu))
    (pad "" thru_hole circle (at -4 3) (size 0.5 0.5) (drill 0.5) (layers *.Cu))
    (pad "" smd trapezoid (at 0 -4.625) (size 4.51 2.25) (rect_delta 0 4.49 ) (layers F.Cu F.Mask))
    (pad "" smd trapezoid (at 0 4.625 180) (size 4.51 2.25) (rect_delta 0 4.49 ) (layers F.Cu F.Mask))
  )

  (module Capacitors_SMD:C_0805_HandSoldering (layer F.Cu) (tedit 58AA84A8) (tstamp 5D65AEFC)
    (at 121.11 111.458)
    (descr "Capacitor SMD 0805, hand soldering")
    (tags "capacitor 0805")
    (path /58FD6443/58FD6B60)
    (attr smd)
    (fp_text reference C11 (at 0 0) (layer F.SilkS)
      (effects (font (size 1 1) (thickness 0.15)))
    )
    (fp_text value 100n (at 0 1.75) (layer F.Fab)
      (effects (font (size 1 1) (thickness 0.15)))
    )
    (fp_text user %R (at 0 -1.75) (layer F.Fab)
      (effects (font (size 1 1) (thickness 0.15)))
    )
    (fp_line (start -1 0.62) (end -1 -0.62) (layer F.Fab) (width 0.1))
    (fp_line (start 1 0.62) (end -1 0.62) (layer F.Fab) (width 0.1))
    (fp_line (start 1 -0.62) (end 1 0.62) (layer F.Fab) (width 0.1))
    (fp_line (start -1 -0.62) (end 1 -0.62) (layer F.Fab) (width 0.1))
    (fp_line (start 0.5 -0.85) (end -0.5 -0.85) (layer F.SilkS) (width 0.12))
    (fp_line (start -0.5 0.85) (end 0.5 0.85) (layer F.SilkS) (width 0.12))
    (fp_line (start -2.25 -0.88) (end 2.25 -0.88) (layer F.CrtYd) (width 0.05))
    (fp_line (start -2.25 -0.88) (end -2.25 0.87) (layer F.CrtYd) (width 0.05))
    (fp_line (start 2.25 0.87) (end 2.25 -0.88) (layer F.CrtYd) (width 0.05))
    (fp_line (start 2.25 0.87) (end -2.25 0.87) (layer F.CrtYd) (width 0.05))
    (pad 1 smd rect (at -1.25 0) (size 1.5 1.25) (layers F.Cu F.Paste F.Mask)
      (net 6 VCC))
    (pad 2 smd rect (at 1.25 0) (size 1.5 1.25) (layers F.Cu F.Paste F.Mask)
      (net 2 GND))
    (model Capacitors_SMD.3dshapes/C_0805.wrl
      (at (xyz 0 0 0))
      (scale (xyz 1 1 1))
      (rotate (xyz 0 0 0))
    )
  )

  (module TO_SOT_Packages_SMD:SOT-23 (layer F.Cu) (tedit 58CE4E7E) (tstamp 5D65AEE8)
    (at 115.1664 136.8072)
    (descr "SOT-23, Standard")
    (tags SOT-23)
    (path /5906D9BC)
    (attr smd)
    (fp_text reference Q1 (at -0.4064 -0.0762) (layer F.SilkS)
      (effects (font (size 1 1) (thickness 0.15)))
    )
    (fp_text value BC107 (at 0 2.5) (layer F.Fab)
      (effects (font (size 1 1) (thickness 0.15)))
    )
    (fp_text user %R (at 0 0) (layer F.Fab)
      (effects (font (size 0.5 0.5) (thickness 0.075)))
    )
    (fp_line (start -0.7 -0.95) (end -0.7 1.5) (layer F.Fab) (width 0.1))
    (fp_line (start -0.15 -1.52) (end 0.7 -1.52) (layer F.Fab) (width 0.1))
    (fp_line (start -0.7 -0.95) (end -0.15 -1.52) (layer F.Fab) (width 0.1))
    (fp_line (start 0.7 -1.52) (end 0.7 1.52) (layer F.Fab) (width 0.1))
    (fp_line (start -0.7 1.52) (end 0.7 1.52) (layer F.Fab) (width 0.1))
    (fp_line (start 0.76 1.58) (end 0.76 0.65) (layer F.SilkS) (width 0.12))
    (fp_line (start 0.76 -1.58) (end 0.76 -0.65) (layer F.SilkS) (width 0.12))
    (fp_line (start -1.7 -1.75) (end 1.7 -1.75) (layer F.CrtYd) (width 0.05))
    (fp_line (start 1.7 -1.75) (end 1.7 1.75) (layer F.CrtYd) (width 0.05))
    (fp_line (start 1.7 1.75) (end -1.7 1.75) (layer F.CrtYd) (width 0.05))
    (fp_line (start -1.7 1.75) (end -1.7 -1.75) (layer F.CrtYd) (width 0.05))
    (fp_line (start 0.76 -1.58) (end -1.4 -1.58) (layer F.SilkS) (width 0.12))
    (fp_line (start 0.76 1.58) (end -0.7 1.58) (layer F.SilkS) (width 0.12))
    (pad 1 smd rect (at -1 -0.95) (size 0.9 0.8) (layers F.Cu F.Paste F.Mask))
    (pad 2 smd rect (at -1 0.95) (size 0.9 0.8) (layers F.Cu F.Paste F.Mask)
      (net 2 GND))
    (pad 3 smd rect (at 1 0) (size 0.9 0.8) (layers F.Cu F.Paste F.Mask))
    (model ${KISYS3DMOD}/TO_SOT_Packages_SMD.3dshapes/SOT-23.wrl
      (at (xyz 0 0 0))
      (scale (xyz 1 1 1))
      (rotate (xyz 0 0 0))
    )
  )

  (module Capacitors_SMD:C_0805_HandSoldering (layer F.Cu) (tedit 58AA84A8) (tstamp 5D65AED7)
    (at 148.542 111.458)
    (descr "Capacitor SMD 0805, hand soldering")
    (tags "capacitor 0805")
    (path /58FD6443/58FD6B59)
    (attr smd)
    (fp_text reference C10 (at -0.127 0) (layer F.SilkS)
      (effects (font (size 1 1) (thickness 0.15)))
    )
    (fp_text value 100n (at 0 1.75) (layer F.Fab)
      (effects (font (size 1 1) (thickness 0.15)))
    )
    (fp_text user %R (at 0 -1.75) (layer F.Fab)
      (effects (font (size 1 1) (thickness 0.15)))
    )
    (fp_line (start -1 0.62) (end -1 -0.62) (layer F.Fab) (width 0.1))
    (fp_line (start 1 0.62) (end -1 0.62) (layer F.Fab) (width 0.1))
    (fp_line (start 1 -0.62) (end 1 0.62) (layer F.Fab) (width 0.1))
    (fp_line (start -1 -0.62) (end 1 -0.62) (layer F.Fab) (width 0.1))
    (fp_line (start 0.5 -0.85) (end -0.5 -0.85) (layer F.SilkS) (width 0.12))
    (fp_line (start -0.5 0.85) (end 0.5 0.85) (layer F.SilkS) (width 0.12))
    (fp_line (start -2.25 -0.88) (end 2.25 -0.88) (layer F.CrtYd) (width 0.05))
    (fp_line (start -2.25 -0.88) (end -2.25 0.87) (layer F.CrtYd) (width 0.05))
    (fp_line (start 2.25 0.87) (end 2.25 -0.88) (layer F.CrtYd) (width 0.05))
    (fp_line (start 2.25 0.87) (end -2.25 0.87) (layer F.CrtYd) (width 0.05))
    (pad 1 smd rect (at -1.25 0) (size 1.5 1.25) (layers F.Cu F.Paste F.Mask)
      (net 6 VCC))
    (pad 2 smd rect (at 1.25 0) (size 1.5 1.25) (layers F.Cu F.Paste F.Mask)
      (net 2 GND))
    (model Capacitors_SMD.3dshapes/C_0805.wrl
      (at (xyz 0 0 0))
      (scale (xyz 1 1 1))
      (rotate (xyz 0 0 0))
    )
  )

  (module Capacitors_SMD:C_0603_HandSoldering (layer F.Cu) (tedit 58AA848B) (tstamp 5D65AEC7)
    (at 111.458 141.684 180)
    (descr "Capacitor SMD 0603, hand soldering")
    (tags "capacitor 0603")
    (path /58FD042A)
    (attr smd)
    (fp_text reference C9 (at 1.397 0 180) (layer F.SilkS)
      (effects (font (size 1 1) (thickness 0.15)))
    )
    (fp_text value 1u (at 0 1.5 180) (layer F.Fab)
      (effects (font (size 1 1) (thickness 0.15)))
    )
    (fp_line (start 1.8 0.65) (end -1.8 0.65) (layer F.CrtYd) (width 0.05))
    (fp_line (start 1.8 0.65) (end 1.8 -0.65) (layer F.CrtYd) (width 0.05))
    (fp_line (start -1.8 -0.65) (end -1.8 0.65) (layer F.CrtYd) (width 0.05))
    (fp_line (start -1.8 -0.65) (end 1.8 -0.65) (layer F.CrtYd) (width 0.05))
    (fp_line (start 0.35 0.6) (end -0.35 0.6) (layer F.SilkS) (width 0.12))
    (fp_line (start -0.35 -0.6) (end 0.35 -0.6) (layer F.SilkS) (width 0.12))
    (fp_line (start -0.8 -0.4) (end 0.8 -0.4) (layer F.Fab) (width 0.1))
    (fp_line (start 0.8 -0.4) (end 0.8 0.4) (layer F.Fab) (width 0.1))
    (fp_line (start 0.8 0.4) (end -0.8 0.4) (layer F.Fab) (width 0.1))
    (fp_line (start -0.8 0.4) (end -0.8 -0.4) (layer F.Fab) (width 0.1))
    (fp_text user %R (at 0 -1.25 180) (layer F.Fab)
      (effects (font (size 1 1) (thickness 0.15)))
    )
    (pad 2 smd rect (at 0.95 0 180) (size 1.2 0.75) (layers F.Cu F.Paste F.Mask)
      (net 2 GND))
    (pad 1 smd rect (at -0.95 0 180) (size 1.2 0.75) (layers F.Cu F.Paste F.Mask))
    (model Capacitors_SMD.3dshapes/C_0603.wrl
      (at (xyz 0 0 0))
      (scale (xyz 1 1 1))
      (rotate (xyz 0 0 0))
    )
  )

  (module Mounting_Holes:MountingHole_3.2mm_M3_Pad_Via (layer F.Cu) (tedit 5D654531) (tstamp 5D65AB35)
    (at 151 130)
    (descr "Mounting Hole 3.2mm, M3")
    (tags "mounting hole 3.2mm m3")
    (path /5907B01E)
    (zone_connect 2)
    (fp_text reference M2 (at -0.045 0) (layer F.SilkS)
      (effects (font (size 1 1) (thickness 0.15)))
    )
    (fp_text value "mounting hole" (at 0 4.2) (layer F.Fab)
      (effects (font (size 1 1) (thickness 0.15)))
    )
    (fp_circle (center 0 0) (end 3.2 0) (layer Cmts.User) (width 0.15))
    (fp_circle (center 0 0) (end 3.45 0) (layer F.CrtYd) (width 0.05))
    (pad 1 thru_hole circle (at 0 0) (size 6.4 6.4) (drill 3.2) (layers *.Cu *.Mask)
      (net 2 GND) (zone_connect 2))
    (pad "" thru_hole circle (at 2.4 0) (size 0.6 0.6) (drill 0.5) (layers *.Cu *.Mask)
      (zone_connect 2))
    (pad "" thru_hole circle (at 1.697056 1.697056) (size 0.6 0.6) (drill 0.5) (layers *.Cu *.Mask)
      (zone_connect 2))
    (pad "" thru_hole circle (at 0 2.4) (size 0.6 0.6) (drill 0.5) (layers *.Cu *.Mask)
      (zone_connect 2))
    (pad "" thru_hole circle (at -1.697056 1.697056) (size 0.6 0.6) (drill 0.5) (layers *.Cu *.Mask)
      (zone_connect 2))
    (pad "" thru_hole circle (at -2.4 0) (size 0.6 0.6) (drill 0.5) (layers *.Cu *.Mask)
      (zone_connect 2))
    (pad "" thru_hole circle (at -1.697056 -1.697056) (size 0.6 0.6) (drill 0.5) (layers *.Cu *.Mask)
      (zone_connect 2))
    (pad "" thru_hole circle (at 0 -2.4) (size 0.6 0.6) (drill 0.5) (layers *.Cu *.Mask)
      (zone_connect 2))
    (pad "" thru_hole circle (at 1.697056 -1.697056) (size 0.6 0.6) (drill 0.5) (layers *.Cu *.Mask)
      (zone_connect 2))
  )

  (module Mounting_Holes:MountingHole_3.2mm_M3_Pad_Via (layer F.Cu) (tedit 5D65453E) (tstamp 5D65AB27)
    (at 109 130)
    (descr "Mounting Hole 3.2mm, M3")
    (tags "mounting hole 3.2mm m3")
    (path /59079FB2)
    (zone_connect 2)
    (fp_text reference M1 (at 0 0) (layer F.SilkS)
      (effects (font (size 1 1) (thickness 0.15)))
    )
    (fp_text value "mounting hole" (at 0 4.2) (layer F.Fab)
      (effects (font (size 1 1) (thickness 0.15)))
    )
    (fp_circle (center 0 0) (end 3.45 0) (layer F.CrtYd) (width 0.05))
    (fp_circle (center 0 0) (end 3.2 0) (layer Cmts.User) (width 0.15))
    (pad "" thru_hole circle (at 1.697056 -1.697056) (size 0.6 0.6) (drill 0.5) (layers *.Cu *.Mask)
      (zone_connect 2))
    (pad "" thru_hole circle (at 0 -2.4) (size 0.6 0.6) (drill 0.5) (layers *.Cu *.Mask)
      (zone_connect 2))
    (pad "" thru_hole circle (at -1.697056 -1.697056) (size 0.6 0.6) (drill 0.5) (layers *.Cu *.Mask)
      (zone_connect 2))
    (pad "" thru_hole circle (at -2.4 0) (size 0.6 0.6) (drill 0.5) (layers *.Cu *.Mask)
      (zone_connect 2))
    (pad "" thru_hole circle (at -1.697056 1.697056) (size 0.6 0.6) (drill 0.5) (layers *.Cu *.Mask)
      (zone_connect 2))
    (pad "" thru_hole circle (at 0 2.4) (size 0.6 0.6) (drill 0.5) (layers *.Cu *.Mask)
      (zone_connect 2))
    (pad "" thru_hole circle (at 1.697056 1.697056) (size 0.6 0.6) (drill 0.5) (layers *.Cu *.Mask)
      (zone_connect 2))
    (pad "" thru_hole circle (at 2.4 0) (size 0.6 0.6) (drill 0.5) (layers *.Cu *.Mask)
      (zone_connect 2))
    (pad 1 thru_hole circle (at 0 0) (size 6.4 6.4) (drill 3.2) (layers *.Cu *.Mask)
      (net 2 GND) (zone_connect 2))
  )

  (module Capacitors_SMD:C_1210 (layer F.Cu) (tedit 58AA84E2) (tstamp 5D65AB17)
    (at 152.86 107.648 90)
    (descr "Capacitor SMD 1210, reflow soldering, AVX (see smccp.pdf)")
    (tags "capacitor 1210")
    (path /58FD6443/5907878D)
    (attr smd)
    (fp_text reference C23 (at 0 0 180) (layer F.SilkS)
      (effects (font (size 1 1) (thickness 0.15)))
    )
    (fp_text value "10u 50V" (at 0 2.5 90) (layer F.Fab)
      (effects (font (size 1 1) (thickness 0.15)))
    )
    (fp_text user %R (at 0 -2.25 90) (layer F.Fab)
      (effects (font (size 1 1) (thickness 0.15)))
    )
    (fp_line (start -1.6 1.25) (end -1.6 -1.25) (layer F.Fab) (width 0.1))
    (fp_line (start 1.6 1.25) (end -1.6 1.25) (layer F.Fab) (width 0.1))
    (fp_line (start 1.6 -1.25) (end 1.6 1.25) (layer F.Fab) (width 0.1))
    (fp_line (start -1.6 -1.25) (end 1.6 -1.25) (layer F.Fab) (width 0.1))
    (fp_line (start 1 -1.48) (end -1 -1.48) (layer F.SilkS) (width 0.12))
    (fp_line (start -1 1.48) (end 1 1.48) (layer F.SilkS) (width 0.12))
    (fp_line (start -2.25 -1.5) (end 2.25 -1.5) (layer F.CrtYd) (width 0.05))
    (fp_line (start -2.25 -1.5) (end -2.25 1.5) (layer F.CrtYd) (width 0.05))
    (fp_line (start 2.25 1.5) (end 2.25 -1.5) (layer F.CrtYd) (width 0.05))
    (fp_line (start 2.25 1.5) (end -2.25 1.5) (layer F.CrtYd) (width 0.05))
    (pad 1 smd rect (at -1.5 0 90) (size 1 2.5) (layers F.Cu F.Paste F.Mask)
      (net 6 VCC))
    (pad 2 smd rect (at 1.5 0 90) (size 1 2.5) (layers F.Cu F.Paste F.Mask)
      (net 2 GND))
    (model Capacitors_SMD.3dshapes/C_1210.wrl
      (at (xyz 0 0 0))
      (scale (xyz 1 1 1))
      (rotate (xyz 0 0 0))
    )
  )

  (module Capacitors_SMD:C_1210 (layer F.Cu) (tedit 58AA84E2) (tstamp 5D65AB07)
    (at 148.288 107.648 90)
    (descr "Capacitor SMD 1210, reflow soldering, AVX (see smccp.pdf)")
    (tags "capacitor 1210")
    (path /58FD6443/59078779)
    (attr smd)
    (fp_text reference C22 (at 0 0 180) (layer F.SilkS)
      (effects (font (size 1 1) (thickness 0.15)))
    )
    (fp_text value "10u 50V" (at 0 2.5 90) (layer F.Fab)
      (effects (font (size 1 1) (thickness 0.15)))
    )
    (fp_line (start 2.25 1.5) (end -2.25 1.5) (layer F.CrtYd) (width 0.05))
    (fp_line (start 2.25 1.5) (end 2.25 -1.5) (layer F.CrtYd) (width 0.05))
    (fp_line (start -2.25 -1.5) (end -2.25 1.5) (layer F.CrtYd) (width 0.05))
    (fp_line (start -2.25 -1.5) (end 2.25 -1.5) (layer F.CrtYd) (width 0.05))
    (fp_line (start -1 1.48) (end 1 1.48) (layer F.SilkS) (width 0.12))
    (fp_line (start 1 -1.48) (end -1 -1.48) (layer F.SilkS) (width 0.12))
    (fp_line (start -1.6 -1.25) (end 1.6 -1.25) (layer F.Fab) (width 0.1))
    (fp_line (start 1.6 -1.25) (end 1.6 1.25) (layer F.Fab) (width 0.1))
    (fp_line (start 1.6 1.25) (end -1.6 1.25) (layer F.Fab) (width 0.1))
    (fp_line (start -1.6 1.25) (end -1.6 -1.25) (layer F.Fab) (width 0.1))
    (fp_text user %R (at 0 -2.25 90) (layer F.Fab)
      (effects (font (size 1 1) (thickness 0.15)))
    )
    (pad 2 smd rect (at 1.5 0 90) (size 1 2.5) (layers F.Cu F.Paste F.Mask)
      (net 2 GND))
    (pad 1 smd rect (at -1.5 0 90) (size 1 2.5) (layers F.Cu F.Paste F.Mask)
      (net 6 VCC))
    (model Capacitors_SMD.3dshapes/C_1210.wrl
      (at (xyz 0 0 0))
      (scale (xyz 1 1 1))
      (rotate (xyz 0 0 0))
    )
  )

  (module Capacitors_SMD:C_1210 (layer F.Cu) (tedit 58AA84E2) (tstamp 5D65AAF7)
    (at 143.716 107.648 90)
    (descr "Capacitor SMD 1210, reflow soldering, AVX (see smccp.pdf)")
    (tags "capacitor 1210")
    (path /58FD6443/59078765)
    (attr smd)
    (fp_text reference C21 (at 0 0 180) (layer F.SilkS)
      (effects (font (size 1 1) (thickness 0.15)))
    )
    (fp_text value "10u 50V" (at 0 2.5 90) (layer F.Fab)
      (effects (font (size 1 1) (thickness 0.15)))
    )
    (fp_line (start 2.25 1.5) (end -2.25 1.5) (layer F.CrtYd) (width 0.05))
    (fp_line (start 2.25 1.5) (end 2.25 -1.5) (layer F.CrtYd) (width 0.05))
    (fp_line (start -2.25 -1.5) (end -2.25 1.5) (layer F.CrtYd) (width 0.05))
    (fp_line (start -2.25 -1.5) (end 2.25 -1.5) (layer F.CrtYd) (width 0.05))
    (fp_line (start -1 1.48) (end 1 1.48) (layer F.SilkS) (width 0.12))
    (fp_line (start 1 -1.48) (end -1 -1.48) (layer F.SilkS) (width 0.12))
    (fp_line (start -1.6 -1.25) (end 1.6 -1.25) (layer F.Fab) (width 0.1))
    (fp_line (start 1.6 -1.25) (end 1.6 1.25) (layer F.Fab) (width 0.1))
    (fp_line (start 1.6 1.25) (end -1.6 1.25) (layer F.Fab) (width 0.1))
    (fp_line (start -1.6 1.25) (end -1.6 -1.25) (layer F.Fab) (width 0.1))
    (fp_text user %R (at 0 -2.25 90) (layer F.Fab)
      (effects (font (size 1 1) (thickness 0.15)))
    )
    (pad 2 smd rect (at 1.5 0 90) (size 1 2.5) (layers F.Cu F.Paste F.Mask)
      (net 2 GND))
    (pad 1 smd rect (at -1.5 0 90) (size 1 2.5) (layers F.Cu F.Paste F.Mask)
      (net 6 VCC))
    (model Capacitors_SMD.3dshapes/C_1210.wrl
      (at (xyz 0 0 0))
      (scale (xyz 1 1 1))
      (rotate (xyz 0 0 0))
    )
  )

  (module Capacitors_SMD:C_1210 (layer F.Cu) (tedit 58AA84E2) (tstamp 5D65AAE7)
    (at 139.144 107.648 90)
    (descr "Capacitor SMD 1210, reflow soldering, AVX (see smccp.pdf)")
    (tags "capacitor 1210")
    (path /58FD6443/590785EF)
    (attr smd)
    (fp_text reference C20 (at 0 0 180) (layer F.SilkS)
      (effects (font (size 1 1) (thickness 0.15)))
    )
    (fp_text value "10u 50V" (at 0 2.5 90) (layer F.Fab)
      (effects (font (size 1 1) (thickness 0.15)))
    )
    (fp_line (start 2.25 1.5) (end -2.25 1.5) (layer F.CrtYd) (width 0.05))
    (fp_line (start 2.25 1.5) (end 2.25 -1.5) (layer F.CrtYd) (width 0.05))
    (fp_line (start -2.25 -1.5) (end -2.25 1.5) (layer F.CrtYd) (width 0.05))
    (fp_line (start -2.25 -1.5) (end 2.25 -1.5) (layer F.CrtYd) (width 0.05))
    (fp_line (start -1 1.48) (end 1 1.48) (layer F.SilkS) (width 0.12))
    (fp_line (start 1 -1.48) (end -1 -1.48) (layer F.SilkS) (width 0.12))
    (fp_line (start -1.6 -1.25) (end 1.6 -1.25) (layer F.Fab) (width 0.1))
    (fp_line (start 1.6 -1.25) (end 1.6 1.25) (layer F.Fab) (width 0.1))
    (fp_line (start 1.6 1.25) (end -1.6 1.25) (layer F.Fab) (width 0.1))
    (fp_line (start -1.6 1.25) (end -1.6 -1.25) (layer F.Fab) (width 0.1))
    (fp_text user %R (at 0 -2.25 90) (layer F.Fab)
      (effects (font (size 1 1) (thickness 0.15)))
    )
    (pad 2 smd rect (at 1.5 0 90) (size 1 2.5) (layers F.Cu F.Paste F.Mask)
      (net 2 GND))
    (pad 1 smd rect (at -1.5 0 90) (size 1 2.5) (layers F.Cu F.Paste F.Mask)
      (net 6 VCC))
    (model Capacitors_SMD.3dshapes/C_1210.wrl
      (at (xyz 0 0 0))
      (scale (xyz 1 1 1))
      (rotate (xyz 0 0 0))
    )
  )

  (module Resistors_SMD:R_0603_HandSoldering (layer F.Cu) (tedit 58E0A804) (tstamp 5D65AAD7)
    (at 125.936 118.824 90)
    (descr "Resistor SMD 0603, hand soldering")
    (tags "resistor 0603")
    (path /58FD6443/58FD6B9C)
    (attr smd)
    (fp_text reference R15 (at 0 0 90) (layer F.SilkS)
      (effects (font (size 1 1) (thickness 0.15)))
    )
    (fp_text value 10k (at 0 1.55 90) (layer F.Fab)
      (effects (font (size 1 1) (thickness 0.15)))
    )
    (fp_text user %R (at 0 0 90) (layer F.Fab)
      (effects (font (size 0.5 0.5) (thickness 0.075)))
    )
